201
    1) 20
    2) 20,30
    3)          30
            20      50
    4)          30
            20      50,52
    5)          30      52
            20      50      60
    6)          30      52
            20      50      60,68
    7)              52
                30      68
            20      50,60   70

202
    1)
                                50
                30                                  80
        8,20        35,40                   60                  90,100
    2)

203
    一个 B 树结点包含
    1. m-1个记录地址指针     (m-1)*5
    2. m-1个关键字          (m-1)*5
    3. m 棵子树指针         5m
    4. 指示实际关键字个树的整数 2
    (m-1)*5*2+5+2<=4000

